o1=[6.6096;-0.2507;0.3602];
o2=[2.3209;-1.6724;0.7802];
o3=[0.6991;-4.2347;0.9186];
o4=[0.2213;0.2285;0.9594];
o5=[0.2607;-2.2482;0.9866];
o6=[-0.0273;-2.3789;0.9985];
o7=[-0.0553;-1.8583;0.9938];
o8=[-0.1139;3.2653;0.9812];
o9=[0.1383;-1.0925;0.9860];
o10=[-0.0002;-0.0305;0.9919];
O1=[o1,o2,o3,o4,o5,o6,o7,o8,o9,o10];
S(1,:) =[1,2,3,3,3,2];
S(2,:) =[1,3,2,2,3,3];
S(3,:) =[1,2,3,3,3,3];
S(4,:) =[1,2,2,3,3,3];
S(5,:) =[1,2,2,3,2,3];
S(6,:) =[1,2,2,3,3,3];
S(7,:) =[1,2,3,3,3,2];
S(8,:) =[1,2,3,3,3,3];